Time	Stationpair	Depth	sp1	sp2	sp3	sp4	sp5	sp6	sp7	sp8	sp9	sp10	sp11	sp12	sp13	sp14	sp15	sp16	sp17	sp18	sp19	sp20	sp21	sp22	sp23	sp24	sp25	sp26	sp27	sp28	sp29	sp30	sp31	sp32	sp33	sp34	sp35	sp36	sp37	sp38	sp39	sp40	sp41	sp42	sp43	sp44	sp45	sp46	sp47	sp48	sp49	sp50	sp51	sp52	sp53	sp54	sp55	sp56	sp57	sp58	sp59	sp60
Day	S1-2	3	2	0	1	0	0	0	0	1	0	0	0	0	0	0	0	0	0	2	0	0	0	0	0	0	0	0	2	0	0	0	0	0	0	0	1	1	0	0	0	0	0	1	0	0	1	0	0	0	0	0	0	0	0	0	0	0	0	131	61	104
Day	S1-2	10	0	0	2	2	0	4	1	4	0	0	0	0	0	0	0	0	0	0	0	0	0	0	0	0	0	0	4	0	0	0	0	0	0	3	2	0	0	2	0	0	0	0	0	0	0	1	0	0	0	0	0	0	0	0	0	0	0	100	88	126
Day	S1-2	25	0	0	2	3	0	2	0	1	0	0	0	0	0	1	0	0	0	1	0	0	0	0	0	2	0	0	1	0	0	0	0	0	0	0	1	1	0	0	0	0	0	0	0	0	0	0	0	0	0	0	0	0	0	1	0	0	0	138	134	170
Day	S1-2	50	0	1	2	0	0	0	0	1	0	0	0	0	0	0	1	0	0	0	1	0	0	0	0	0	0	0	0	0	0	0	0	0	0	2	2	0	0	0	0	0	0	0	0	0	0	0	0	0	0	0	0	0	0	0	0	0	0	79	33	31
Day	S1-2	80	0	0	10	0	0	0	0	2	2	0	0	0	0	0	0	0	0	0	0	2	0	0	7	0	0	0	1	0	0	0	0	0	0	0	0	0	0	0	0	0	0	0	0	0	1	0	0	0	0	0	0	0	0	0	0	0	0	155	88	61
Day	S1-2	100	0	0	1	0	0	0	0	5	0	0	3	0	0	0	0	0	0	0	0	0	0	0	0	0	8	0	2	0	0	0	0	0	0	0	0	0	0	0	0	0	0	0	0	0	0	0	0	0	0	0	0	0	0	0	0	0	0	79	18	36
Day	S1-2	200	0	0	2	0	0	0	0	0	0	0	0	0	0	0	2	0	0	0	0	0	0	0	0	0	0	0	0	0	0	0	0	0	0	0	0	1	0	0	0	0	0	0	0	0	0	0	0	0	0	1	0	0	0	0	0	0	0	42	16	10
Day	S1-2	500	0	0	0	0	0	0	0	0	0	0	0	0	0	0	0	0	0	0	0	0	0	0	0	0	0	2	0	0	0	0	0	0	0	0	0	0	0	0	0	0	0	0	0	0	0	0	0	0	0	0	0	0	0	0	0	0	0	28	10	4
Day	S4-3	3	0	1	0	2	0	5	0	0	0	0	0	0	0	0	0	0	0	2	1	0	0	0	0	0	0	0	3	0	0	0	0	0	0	0	2	1	0	0	0	0	0	0	0	0	2	0	0	0	0	0	0	0	0	0	0	0	0	122	113	240
Day	S4-3	10	0	0	2	0	0	2	0	0	0	0	0	0	0	0	0	0	0	2	2	0	0	0	0	0	0	0	4	0	0	0	0	0	0	0	0	1	0	0	0	0	0	0	0	0	2	0	0	0	0	0	0	0	0	0	0	0	0	85	55	63
Day	S4-3	25	0	0	4	1	0	2	0	0	0	0	0	0	0	0	0	0	0	0	0	0	0	0	0	0	0	0	5	0	0	0	0	0	0	1	1	0	0	0	0	1	0	1	0	0	0	0	0	0	0	0	0	0	0	0	0	0	0	119	85	93
Day	S4-3	50	0	0	1	3	0	3	1	0	0	0	0	0	0	0	0	0	0	1	1	0	1	0	0	0	0	0	3	0	1	0	0	0	0	2	2	2	0	0	0	0	0	0	0	0	0	0	0	1	0	0	0	0	0	0	0	0	0	119	79	121
Day	S4-3	85	0	1	4	0	0	0	1	6	1	0	1	0	4	0	0	0	0	0	1	0	0	0	3	0	7	0	2	0	0	0	0	0	0	0	0	4	1	0	0	0	0	0	0	0	0	0	0	0	0	0	1	0	0	0	0	0	0	119	70	54
Day	S4-3	100	0	0	11	0	0	0	0	0	0	0	1	0	0	0	3	0	0	0	0	0	0	0	0	0	1	0	1	4	0	1	0	0	0	0	0	1	1	0	0	0	0	1	0	0	0	0	0	0	0	0	1	0	0	0	0	0	0	68	30	50
Day	S4-3	200	0	0	1	0	0	0	0	1	0	0	0	0	0	0	1	0	0	0	1	0	0	0	0	0	0	0	0	0	0	0	0	0	0	0	0	0	0	0	0	0	0	0	0	0	0	0	0	0	1	0	0	0	0	0	0	0	0	26	18	10
Day	S4-3	500	0	0	0	0	0	0	0	0	0	0	0	0	0	0	0	0	0	0	0	0	0	0	0	0	0	0	0	0	0	0	0	0	0	0	0	0	0	0	0	0	0	0	0	0	0	0	0	0	0	0	0	0	0	0	0	0	0	18	6	4
Day	S5-6	3	0	0	0	1	0	12	0	0	0	0	0	0	0	0	0	0	0	2	0	0	0	0	0	0	0	0	20	0	0	0	0	0	0	0	0	1	0	0	0	0	0	0	0	0	0	0	0	0	0	0	0	0	0	0	0	0	1	128	103	166
Day	S5-6	10	1	1	0	0	0	5	0	0	0	0	0	0	0	0	0	0	0	2	2	0	0	0	0	0	0	0	10	0	0	0	0	0	0	0	0	0	0	0	0	0	0	0	0	0	1	0	0	0	0	0	0	0	0	0	0	0	1	73	61	102
Day	S5-6	25	0	0	2	0	0	4	0	0	0	0	0	0	0	0	0	0	0	1	0	0	0	0	0	0	0	0	1	0	0	0	0	0	0	0	0	3	0	0	0	0	0	0	0	0	1	0	0	0	0	0	0	0	0	0	0	0	0	97	82	110
Day	S5-6	50	1	0	2	0	0	9	0	0	1	0	0	0	0	0	0	0	0	0	0	0	0	0	0	1	0	0	3	0	0	0	0	0	0	0	0	0	0	0	0	0	1	1	0	0	0	0	0	0	0	0	0	0	0	0	0	0	0	113	55	99
Day	S5-6	75	0	0	1	3	0	2	0	2	1	0	0	0	0	0	0	0	0	0	0	0	0	0	0	1	0	0	1	0	0	0	0	0	0	0	0	0	0	0	0	0	0	0	0	0	3	0	0	0	0	0	0	0	0	0	0	0	0	94	73	127
Day	S5-6	100	0	0	3	0	0	0	0	0	0	0	0	0	0	0	0	0	0	0	0	0	0	0	0	0	0	0	0	1	0	0	0	0	0	0	0	0	0	0	0	0	0	0	0	0	0	0	0	0	0	0	0	0	0	0	0	0	0	36	18	16
Day	S5-6	200	0	0	7	0	0	0	0	2	0	0	0	0	0	0	0	0	0	0	0	0	0	0	1	0	2	0	0	1	0	1	0	0	0	0	0	0	0	0	0	0	0	0	0	0	0	0	0	0	0	0	1	0	0	0	0	0	0	42	16	14
Day	S5-6	500	0	0	0	0	0	0	0	0	0	0	0	0	0	0	0	0	0	0	0	0	0	0	0	0	0	0	1	0	0	0	0	0	0	0	0	0	0	0	0	0	0	0	0	0	0	0	0	0	0	0	0	0	0	0	0	0	0	22	10	12
Day	S9-7	3	0	0	1	0	0	0	2	0	0	0	0	0	0	0	0	0	0	0	0	0	0	0	0	1	0	0	0	0	0	0	0	0	0	0	0	0	0	0	0	1	0	0	0	3	0	1	0	0	0	0	0	0	0	0	0	0	0	155	97	156
Day	S9-7	10	0	1	4	0	0	0	0	0	0	0	0	0	0	0	0	0	0	2	0	0	0	0	0	0	0	0	6	0	0	0	0	0	0	0	6	0	0	1	0	0	0	0	0	0	0	0	0	0	0	0	0	0	0	0	0	0	0	143	112	152
Day	S9-7	25	1	0	5	0	0	0	0	0	0	0	0	0	0	0	0	0	0	4	0	1	0	2	0	0	0	0	6	0	0	0	0	0	0	0	4	1	0	0	0	0	0	0	0	0	1	0	0	1	0	0	0	0	0	0	0	0	0	79	97	67
Day	S9-7	50	0	0	3	0	0	0	0	2	0	0	0	0	0	0	0	0	0	2	0	1	0	0	0	0	0	0	5	0	0	0	0	0	0	0	8	0	0	1	0	0	0	0	0	0	0	0	0	0	0	0	0	0	0	0	0	0	0	140	115	83
Day	S9-7	90	0	0	7	1	0	0	0	5	0	0	3	0	0	0	0	0	0	0	0	0	0	0	0	0	6	1	2	3	0	0	0	0	0	0	0	3	0	0	0	1	0	0	0	0	1	0	0	0	0	1	1	0	0	0	0	0	0	137	67	43
Day	S9-7	100	0	0	10	0	0	0	0	4	0	0	5	0	0	0	0	0	0	0	1	0	0	0	0	0	0	0	0	4	0	0	0	4	0	0	0	3	0	0	0	0	0	0	0	0	0	0	0	0	1	0	0	0	0	0	0	0	0	97	33	23
Day	S9-7	200	0	0	2	0	0	0	0	0	0	0	0	0	0	0	2	0	0	0	0	0	0	0	0	0	0	0	0	1	0	0	0	0	0	0	0	0	0	0	0	0	0	0	0	0	0	0	0	0	0	0	0	0	0	0	0	0	0	50	18	12
Day	S9-7	500	0	0	0	0	0	0	0	0	0	0	0	0	0	0	0	0	0	0	0	0	0	0	0	0	0	0	1	0	0	0	0	0	0	0	0	0	0	0	0	0	0	0	0	0	0	0	0	0	0	0	0	0	0	0	0	1	0	26	8	2
Day	S9-8	3	0	0	1	0	0	0	2	0	0	0	0	0	0	0	0	0	0	0	0	0	0	0	0	1	0	0	0	0	0	0	0	0	0	0	0	0	0	0	0	1	0	0	0	3	0	1	0	0	0	0	0	0	0	0	0	0	0	155	97	156
Day	S9-8	10	0	1	4	0	0	0	0	0	0	0	0	0	0	0	0	0	0	2	0	0	0	0	0	0	0	0	6	0	0	0	0	0	0	0	6	0	0	1	0	0	0	0	0	0	0	0	0	0	0	0	0	0	0	0	0	0	0	143	112	152
Day	S9-8	25	1	0	5	0	0	0	0	0	0	0	0	0	0	0	0	0	0	4	0	1	0	2	0	0	0	0	6	0	0	0	0	0	0	0	4	1	0	0	0	0	0	0	0	0	1	0	0	1	0	0	0	0	0	0	0	0	0	79	97	67
Day	S9-8	50	0	0	3	0	0	0	0	2	0	0	0	0	0	0	0	0	0	2	0	1	0	0	0	0	0	0	5	0	0	0	0	0	0	0	8	0	0	1	0	0	0	0	0	0	0	0	0	0	0	0	0	0	0	0	0	0	0	140	115	83
Day	S9-8	90	0	0	7	1	0	0	0	5	0	0	3	0	0	0	0	0	0	0	0	0	0	0	0	0	6	1	2	3	0	0	0	0	0	0	0	3	0	0	0	1	0	0	0	0	1	0	0	0	0	1	1	0	0	0	0	0	0	137	67	43
Day	S9-8	100	0	0	10	0	0	0	0	4	0	0	5	0	0	0	0	0	0	0	1	0	0	0	0	0	0	0	0	4	0	0	0	4	0	0	0	3	0	0	0	0	0	0	0	0	0	0	0	0	1	0	0	0	0	0	0	0	0	97	33	23
Day	S9-8	200	0	0	2	0	0	0	0	0	0	0	0	0	0	0	2	0	0	0	0	0	0	0	0	0	0	0	0	1	0	0	0	0	0	0	0	0	0	0	0	0	0	0	0	0	0	0	0	0	0	0	0	0	0	0	0	0	0	50	18	12
Day	S9-8	500	0	0	0	0	0	0	0	0	0	0	0	0	0	0	0	0	0	0	0	0	0	0	0	0	0	0	1	0	0	0	0	0	0	0	0	0	0	0	0	0	0	0	0	0	0	0	0	0	0	0	0	0	0	0	0	1	0	26	8	2
Night	S1-2	3	0	0	3	0	0	3	0	0	0	0	0	0	0	0	0	1	0	1	0	0	0	0	0	0	0	0	5	0	0	0	0	0	0	0	3	0	0	0	0	0	0	0	0	1	0	0	1	0	0	0	0	0	0	0	0	0	0	140	104	100
Night	S1-2	10	0	0	1	0	0	2	1	0	0	0	0	0	0	0	0	0	0	0	0	0	0	0	0	0	0	0	8	0	0	0	0	0	0	2	0	0	0	0	0	0	0	0	0	0	0	0	1	0	0	0	0	0	0	0	0	0	0	128	90	136
Night	S1-2	25	0	0	0	0	0	3	0	0	0	0	0	0	0	0	0	0	0	1	0	0	0	0	0	1	0	0	6	0	1	0	0	0	0	0	0	0	0	0	0	0	0	0	0	0	0	0	0	0	0	0	0	0	0	0	0	0	0	88	82	126
Night	S1-2	50	0	0	0	0	0	1	0	0	0	1	0	0	0	0	0	0	1	0	1	0	0	0	0	0	0	0	3	0	0	0	0	0	0	0	0	0	0	0	0	0	0	1	0	0	0	0	0	0	0	0	0	0	0	0	0	0	0	100	100	128
Night	S1-2	80	0	0	5	1	0	0	0	4	2	0	0	0	1	0	0	0	0	0	0	10	0	0	8	0	0	0	1	0	0	0	0	0	0	3	0	5	0	0	0	0	0	2	3	0	0	0	0	0	0	0	0	0	0	0	0	0	0	186	143	158
Night	S1-2	100	0	0	0	0	0	0	0	7	0	0	2	0	0	0	0	0	0	0	0	2	0	0	4	0	0	0	4	0	0	0	0	1	0	1	0	3	0	0	0	0	0	0	0	0	0	0	0	0	0	0	3	0	1	0	0	0	0	68	56	60
Night	S1-2	200	0	0	3	0	0	0	0	0	0	0	0	0	0	0	1	0	0	0	0	0	0	0	0	0	0	0	1	0	0	0	0	1	0	0	0	0	0	0	0	0	0	0	0	0	0	0	0	0	0	0	0	0	0	0	0	0	0	40	14	8
Night	S1-2	500	0	0	0	0	0	0	0	0	0	0	0	0	0	0	0	0	0	0	0	0	0	0	0	0	0	0	0	0	0	0	0	0	0	0	0	0	0	0	0	0	0	0	0	0	0	0	0	0	0	0	0	0	0	0	0	0	0	14	4	10
Night	S4-3	3	0	0	0	1	0	4	0	0	0	0	0	0	0	0	0	0	0	2	1	0	0	0	0	0	0	0	5	0	0	0	0	0	0	0	0	0	0	0	0	0	0	0	0	0	0	0	0	0	0	0	0	0	0	0	0	0	0	167	145	200
Night	S4-3	10	0	1	3	1	0	4	1	0	0	0	0	0	0	0	0	0	0	0	1	0	0	0	0	0	0	0	13	0	0	0	0	0	0	0	0	1	0	0	0	0	0	0	0	0	4	0	0	0	0	0	0	0	0	0	0	0	0	137	143	236
Night	S4-3	25	0	0	2	2	0	5	0	2	0	0	0	0	0	0	0	0	0	1	1	0	0	0	0	0	0	0	5	0	0	0	0	0	0	0	0	0	0	1	0	0	0	0	0	1	1	0	0	0	0	0	0	0	0	0	0	0	0	103	109	203
Night	S4-3	50	0	0	9	1	0	7	0	2	2	0	0	0	0	0	0	0	0	1	1	0	0	0	0	0	0	0	3	0	0	0	0	0	0	0	1	1	0	0	0	0	0	0	0	1	0	0	2	0	0	0	0	0	0	0	0	0	0	70	72	163
Night	S4-3	70	0	0	5	2	0	0	0	0	0	0	0	0	0	0	0	0	0	1	1	0	0	0	0	0	0	0	1	1	0	0	0	0	0	0	0	0	0	0	0	0	0	0	0	0	1	0	1	0	0	0	0	0	0	0	0	0	0	190	122	210
Night	S4-3	100	0	0	1	0	0	0	0	0	0	0	1	1	0	0	0	0	0	0	0	0	0	0	0	0	0	0	1	0	0	0	0	0	1	0	0	1	0	0	0	0	0	0	0	0	0	0	0	0	0	0	0	0	0	0	0	0	0	37	22	20
Night	S4-3	200	0	0	1	0	0	0	0	0	0	0	0	0	0	0	0	0	0	0	0	0	0	0	0	0	2	1	0	0	0	0	0	0	2	0	0	0	0	0	0	0	0	0	0	0	0	0	0	0	0	0	0	0	0	0	0	0	0	36	26	38
Night	S4-3	500	0	0	0	0	0	0	0	0	0	0	0	0	0	0	0	0	0	0	0	0	0	0	0	0	0	0	0	0	0	0	0	0	0	0	0	0	0	0	0	0	0	0	0	0	0	0	0	0	0	0	0	0	0	0	2	0	0	22	10	4
Night	S5-6	3	0	0	1	1	0	1	9	1	0	0	0	0	0	0	0	2	0	1	0	0	0	0	0	0	0	0	6	0	0	0	0	0	0	0	0	0	0	0	0	0	0	0	0	0	1	0	0	0	0	0	0	0	0	0	0	0	0	149	103	323
Night	S5-6	10	0	1	5	1	0	0	0	0	0	0	0	0	0	0	0	0	0	1	0	0	0	1	0	0	0	0	4	0	0	0	0	0	0	0	0	2	0	0	0	0	0	0	0	0	0	0	0	0	0	0	0	0	0	0	0	0	0	103	109	186
Night	S5-6	25	1	0	3	0	0	3	0	0	0	0	0	0	0	0	0	0	0	1	0	0	0	0	0	0	0	0	2	0	0	0	0	0	0	0	0	1	0	0	0	0	0	0	0	0	0	0	0	0	0	0	0	0	0	0	0	0	0	131	115	164
Night	S5-6	65	0	0	13	0	0	1	0	1	0	0	3	0	0	0	0	0	0	1	0	1	0	0	2	0	1	0	4	0	0	0	0	0	0	0	0	1	0	0	0	0	0	0	0	0	3	0	0	0	0	0	2	0	2	0	0	0	0	134	106	95
Night	S5-6	80	0	1	8	0	0	0	0	2	0	0	2	0	0	0	5	2	0	0	1	0	0	0	2	0	2	0	2	0	0	0	0	0	0	1	0	0	1	0	0	0	0	0	0	0	0	0	0	0	0	0	2	0	0	0	0	0	0	137	58	51
Night	S5-6	100	0	0	8	0	0	0	0	2	0	0	2	0	0	0	1	0	0	0	0	0	0	0	0	0	1	0	0	0	0	0	0	0	0	0	0	3	0	0	0	0	0	0	0	0	0	0	0	0	0	0	0	0	0	0	0	0	0	49	30	48
Night	S5-6	200	0	0	2	0	0	0	0	1	0	0	0	0	0	0	1	0	0	0	0	0	0	0	0	0	0	0	0	0	0	0	0	0	0	0	0	0	0	0	1	0	0	0	0	0	0	0	0	0	0	0	0	0	0	0	0	0	0	48	26	20
Night	S5-6	500	0	0	0	0	0	0	0	0	0	0	0	0	0	0	0	0	0	0	0	0	0	0	0	0	0	0	0	0	0	0	0	0	0	0	0	0	0	0	0	0	0	0	0	0	0	0	0	0	0	0	0	0	0	0	0	0	0	26	10	2
Night	S9-7	3	0	0	1	2	1	0	2	0	0	0	0	0	0	0	0	0	0	1	1	0	0	1	0	0	0	0	5	0	0	0	0	0	0	0	0	1	0	3	0	0	0	0	0	0	1	0	0	0	0	0	0	0	0	0	0	0	0	136	136	122
Night	S9-7	10	0	0	2	0	1	3	0	0	0	0	0	0	0	0	0	0	0	1	1	0	0	0	0	0	0	0	8	0	0	0	0	0	0	0	0	0	0	0	0	2	0	0	0	0	1	0	0	0	0	0	0	0	0	0	0	0	0	125	112	148
Night	S9-7	25	0	0	1	0	0	1	1	0	0	0	0	0	0	0	0	0	0	0	0	0	0	1	0	0	0	0	2	0	0	0	0	0	0	0	0	0	0	0	0	0	0	0	0	0	0	0	0	0	0	0	0	0	0	0	0	0	0	97	73	79
Night	S9-7	65	0	0	21	0	0	0	0	6	0	0	0	0	0	0	0	0	0	0	0	0	0	0	5	0	1	0	4	0	1	0	0	0	0	4	0	4	0	0	0	0	0	4	0	0	0	0	0	0	0	0	0	0	0	0	0	0	0	172	168	82
Night	S9-7	75	0	0	10	0	0	0	1	3	0	0	0	0	0	0	0	0	0	0	0	0	0	0	1	0	1	0	2	2	0	0	0	0	0	0	0	0	0	0	0	0	0	0	0	0	0	0	0	0	0	0	0	0	0	0	0	0	0	119	70	90
Night	S9-7	100	0	0	3	0	0	0	0	1	0	0	4	0	0	0	1	0	0	0	0	0	0	0	2	0	1	0	4	0	0	0	1	0	0	0	0	3	1	0	0	0	0	0	0	0	0	0	0	0	0	0	1	0	0	0	0	0	0	82	58	41
Night	S9-7	200	0	0	3	0	0	0	0	0	0	0	0	0	0	0	0	1	0	0	0	0	0	0	0	0	1	0	0	0	0	0	0	0	0	0	0	0	0	0	0	0	0	0	0	0	0	0	0	0	0	0	0	0	0	0	0	0	0	32	16	14
Night	S9-7	500	0	0	1	0	0	0	0	0	0	0	0	0	0	0	0	0	0	0	0	0	0	0	0	0	0	0	0	0	0	0	0	0	0	0	0	0	0	0	0	0	0	0	0	0	0	0	0	0	0	0	0	0	0	0	0	0	0	13	8	4
Night	S9-8	3	0	0	2	4	0	2	0	0	0	0	0	0	0	0	0	0	0	6	6	2	0	3	0	6	0	0	6	0	0	0	0	0	0	0	0	14	0	0	0	12	0	0	4	0	0	0	8	12	0	0	0	0	0	0	0	0	0	225	126	249
Night	S9-8	10	0	0	1	1	0	0	0	0	0	0	0	0	0	0	0	0	0	2	0	0	0	0	0	0	0	0	5	0	0	0	0	0	0	0	4	0	0	0	0	0	0	2	0	0	0	0	0	1	0	0	0	0	0	1	0	0	0	140	82	140
Night	S9-8	25	0	0	3	1	0	2	0	1	0	0	0	0	0	0	0	0	0	5	1	0	0	0	0	0	0	0	7	0	0	0	0	0	0	0	5	0	0	1	0	0	0	1	0	0	0	0	0	0	0	0	0	0	0	0	0	0	0	107	73	98
Night	S9-8	50	0	0	5	0	0	0	0	0	0	0	0	0	0	0	0	0	0	3	0	0	0	1	0	0	0	0	2	0	0	0	0	0	0	0	6	0	0	0	0	0	0	0	0	0	2	0	0	0	0	0	0	1	0	0	0	0	0	116	70	67
Night	S9-8	80	0	0	5	0	0	0	0	4	2	0	0	0	0	0	2	0	0	0	1	1	0	0	5	0	4	0	4	1	0	0	0	0	0	0	0	3	0	0	0	0	0	0	0	0	0	0	0	0	0	0	3	0	0	0	0	0	0	161	94	52
Night	S9-8	100	0	0	7	0	0	0	0	1	0	0	0	0	0	0	3	0	0	0	0	0	0	0	0	0	2	0	0	5	0	0	0	0	0	0	0	3	0	0	0	0	0	0	0	0	0	0	0	0	0	1	4	0	0	0	0	0	0	103	30	22
Night	S9-8	200	0	0	2	0	0	0	0	1	0	0	2	0	0	0	1	0	0	0	0	0	0	0	0	0	0	0	0	1	0	0	0	0	0	1	0	1	0	0	0	0	0	0	0	0	0	0	0	0	0	1	0	0	0	0	0	0	0	64	16	10
Night	S9-8	500	0	0	1	0	0	0	0	0	0	0	0	0	0	0	0	0	0	0	0	0	0	0	0	0	0	0	0	0	0	0	0	0	0	0	0	0	0	0	0	0	0	0	0	0	0	0	0	0	0	1	0	0	0	0	0	0	0	32	10	4
