Time	Stationpair	Depth	sp1	sp2	sp3	sp4	sp5	sp6	sp7	sp8	sp9	sp10	sp11	sp12	sp13	sp14	sp15	sp16	sp17	sp18	sp19	sp20	sp21	sp22	sp23	sp24	sp25	sp26	sp27	sp28	sp29	sp30	sp31	sp32	sp33	sp34	sp35	sp36	sp37	sp38	sp39	sp40	sp41	sp42	sp43	sp44	sp45	sp46	sp47	sp48	sp49	sp50	sp51	sp52	sp53	sp54
Day	S3-1	3	0	0	1	0	2	0	10	0	0	0	0	0	0	0	0	0	0	0	0	0	0	0	0	0	0	0	0	0	0	0	3	0	0	8	0	0	3	0	0	0	0	0	0	0	0	0	0	0	0	1	0	94	64	70
Day	S3-1	30	1	3	0	1	2	1	3	0	0	0	0	2	0	0	1	0	0	1	0	1	0	0	0	0	0	0	0	0	0	0	2	0	0	1	0	1	2	0	0	0	0	0	0	0	1	0	0	0	0	1	1	103	33	67
Day	S3-1	50	2	1	2	1	1	1	2	2	1	0	0	0	0	0	1	0	0	2	0	0	1	0	0	0	0	0	1	0	4	1	1	0	0	1	0	1	1	2	0	0	0	0	0	0	0	0	0	0	0	0	0	123	66	65
Day	S3-1	75	5	1	0	0	0	0	0	0	0	0	0	0	1	0	0	1	0	3	0	0	0	0	0	0	0	0	1	0	1	1	1	0	0	6	0	2	3	3	3	1	4	0	0	0	0	0	0	0	0	0	0	85	69	58
Day	S3-1	93	2	0	0	0	0	0	0	1	0	0	0	0	2	2	0	0	0	2	0	0	0	0	0	1	1	1	0	0	1	0	0	0	0	0	4	1	1	6	0	0	1	1	0	3	0	3	3	0	1	0	0	150	87	137
Day	S3-1	150	3	0	0	0	0	0	0	1	0	0	0	0	0	1	0	0	0	0	0	0	0	0	0	0	0	0	0	1	0	0	0	0	0	0	0	2	0	1	0	1	2	0	0	0	0	1	0	3	0	0	0	80	36	31
Day	S3-1	200	2	0	0	0	0	0	0	2	0	0	0	0	0	0	0	0	0	0	0	0	0	0	0	0	0	0	0	0	0	0	0	0	0	0	0	0	0	0	0	0	0	0	1	0	0	0	0	0	0	0	0	54	12	15
Day	S3-1	300	0	0	0	0	0	0	0	0	0	0	0	0	0	0	0	0	0	1	0	0	0	0	0	0	0	0	0	0	0	0	0	0	0	0	0	0	0	0	0	0	0	0	0	0	0	0	0	0	0	0	0	28	16	4
Day	S3-1	500	0	0	0	0	0	0	0	0	0	0	0	0	0	0	0	0	0	0	0	0	0	0	0	0	0	0	0	0	0	0	0	0	0	0	0	0	0	0	0	0	0	0	0	0	0	0	0	0	0	0	0	20	6	7
Day	S3-2	3	0	0	1	0	2	0	10	0	0	0	0	0	0	0	0	0	0	0	0	0	0	0	0	0	0	0	0	0	0	0	3	0	0	8	0	0	3	0	0	0	0	0	0	0	0	0	0	0	0	1	0	94	64	70
Day	S3-2	30	1	3	0	1	2	1	3	0	0	0	0	2	0	0	1	0	0	1	0	1	0	0	0	0	0	0	0	0	0	0	2	0	0	1	0	1	2	0	0	0	0	0	0	0	1	0	0	0	0	1	1	103	33	67
Day	S3-2	50	2	1	2	1	1	1	2	2	1	0	0	0	0	0	1	0	0	2	0	0	1	0	0	0	0	0	1	0	4	1	1	0	0	1	0	1	1	2	0	0	0	0	0	0	0	0	0	0	0	0	0	123	66	65
Day	S3-2	75	5	1	0	0	0	0	0	0	0	0	0	0	1	0	0	1	0	3	0	0	0	0	0	0	0	0	1	0	1	1	1	0	0	6	0	2	3	3	3	1	4	0	0	0	0	0	0	0	0	0	0	85	69	58
Day	S3-2	93	2	0	0	0	0	0	0	1	0	0	0	0	2	2	0	0	0	2	0	0	0	0	0	1	1	1	0	0	1	0	0	0	0	0	4	1	1	6	0	0	1	1	0	3	0	3	3	0	1	0	0	150	87	137
Day	S3-2	150	3	0	0	0	0	0	0	1	0	0	0	0	0	1	0	0	0	0	0	0	0	0	0	0	0	0	0	1	0	0	0	0	0	0	0	2	0	1	0	1	2	0	0	0	0	1	0	3	0	0	0	80	36	31
Day	S3-2	200	2	0	0	0	0	0	0	2	0	0	0	0	0	0	0	0	0	0	0	0	0	0	0	0	0	0	0	0	0	0	0	0	0	0	0	0	0	0	0	0	0	0	1	0	0	0	0	0	0	0	0	54	12	15
Day	S3-2	300	0	0	0	0	0	0	0	0	0	0	0	0	0	0	0	0	0	1	0	0	0	0	0	0	0	0	0	0	0	0	0	0	0	0	0	0	0	0	0	0	0	0	0	0	0	0	0	0	0	0	0	28	16	4
Day	S3-2	500	0	0	0	0	0	0	0	0	0	0	0	0	0	0	0	0	0	0	0	0	0	0	0	0	0	0	0	0	0	0	0	0	0	0	0	0	0	0	0	0	0	0	0	0	0	0	0	0	0	0	0	20	6	7
Day	S4-5	3	0	2	1	0	1	1	0	0	0	0	0	0	0	0	0	0	0	0	0	2	0	0	0	0	0	0	0	0	0	0	1	0	2	7	0	1	5	0	0	0	0	0	0	0	1	0	0	0	0	0	0	96	56	57
Day	S4-5	30	0	1	0	0	2	1	2	0	0	0	0	0	0	0	0	0	0	0	0	1	0	0	0	0	0	0	0	0	0	0	1	0	0	2	0	0	3	0	0	0	0	0	1	0	0	0	0	0	0	0	0	96	32	72
Day	S4-5	50	2	0	0	0	0	0	2	0	0	0	0	0	0	0	0	0	0	1	0	1	2	0	0	0	0	0	0	0	0	1	3	0	0	1	0	0	2	0	0	0	0	0	0	0	0	0	0	0	0	0	0	82	54	49
Day	S4-5	75	3	1	1	1	1	1	2	0	0	0	0	0	0	2	0	0	0	2	0	0	0	0	0	0	0	0	0	0	1	1	1	0	0	0	0	3	1	0	0	0	1	0	0	0	0	0	0	0	0	0	0	78	58	26
Day	S4-5	110	1	0	0	0	0	0	0	0	0	0	0	0	0	2	0	1	0	2	0	0	0	0	0	0	0	0	0	0	0	0	1	0	0	0	1	0	0	1	0	1	0	0	2	0	0	3	0	0	0	0	0	109	86	60
Day	S4-5	150	2	0	0	0	0	0	0	1	0	0	0	0	0	2	0	0	0	0	0	0	0	0	0	0	0	0	0	0	1	0	0	0	0	0	2	0	0	1	0	1	2	0	0	0	0	0	0	2	0	0	0	68	48	38
Day	S4-5	200	4	0	0	0	0	0	0	0	0	0	0	0	0	0	0	1	0	0	0	0	0	0	0	0	0	0	0	0	0	0	0	0	0	0	0	0	0	3	0	1	0	0	0	0	0	1	0	0	0	0	0	56	20	15
Day	S4-5	300	0	0	0	0	0	0	0	0	0	0	0	0	0	0	0	0	0	0	0	0	0	0	0	0	0	0	0	0	0	0	0	0	0	0	0	0	0	0	0	0	0	0	0	0	0	0	0	0	0	0	1	32	12	20
Day	S4-5	500	0	0	0	0	0	0	0	0	0	0	0	0	0	0	0	0	0	1	0	0	0	0	0	0	0	0	0	0	0	0	0	0	0	0	0	0	0	0	0	0	0	0	0	0	0	0	0	0	0	0	0	24	10	6
Night	S3-1	3	0	0	0	0	0	1	3	0	0	1	0	0	0	0	0	0	1	0	0	0	0	0	0	0	0	0	0	0	0	0	1	0	1	2	0	0	0	0	0	0	0	0	0	0	0	0	0	0	0	1	0	96	66	84
Night	S3-1	30	0	0	3	0	1	0	3	0	0	0	0	0	0	0	0	0	0	0	0	0	0	0	0	0	0	0	0	0	0	0	2	0	0	1	0	0	1	0	0	0	0	0	0	0	0	0	0	0	0	0	0	93	57	100
Night	S3-1	50	1	0	0	0	1	0	0	2	1	0	0	0	0	1	0	0	0	0	0	0	0	0	0	0	0	0	0	0	0	1	0	0	0	2	0	1	1	1	0	0	0	0	0	0	0	0	0	0	0	1	0	87	51	44
Night	S3-1	75	0	2	0	0	0	0	0	0	2	0	0	0	1	0	0	1	0	3	0	0	1	0	0	0	0	0	0	0	1	1	0	0	0	1	0	1	0	1	0	0	2	0	1	0	0	0	0	0	0	0	0	129	81	84
Night	S3-1	100	4	0	0	0	0	0	0	1	0	0	0	0	1	0	1	0	0	0	0	0	0	1	0	0	1	0	0	0	0	0	1	0	0	0	7	2	3	9	0	0	1	0	2	5	0	2	1	0	0	0	0	195	114	128
Night	S3-1	150	2	0	0	0	0	0	0	0	0	0	0	0	0	0	0	0	0	0	1	0	0	0	0	0	0	0	0	0	0	0	0	0	0	0	0	0	0	2	0	0	0	0	0	0	0	2	0	2	0	0	0	102	69	15
Night	S3-1	200	0	0	0	0	0	0	0	0	0	0	0	0	0	0	0	0	0	1	0	1	0	0	0	0	1	0	0	0	0	0	0	0	0	0	0	1	0	0	1	0	0	0	0	0	0	0	0	0	0	0	0	96	33	19
Night	S3-1	300	0	0	0	0	0	0	0	0	0	0	0	0	0	0	0	0	0	1	0	0	0	0	0	0	0	1	0	0	0	0	0	0	0	0	0	1	0	0	0	0	0	0	0	0	0	0	0	0	0	0	0	36	8	7
Night	S3-1	500	0	0	0	0	0	0	0	0	0	0	0	0	0	0	0	1	0	0	0	0	0	0	0	0	0	0	0	0	0	0	0	0	0	0	0	0	0	0	0	0	0	0	0	0	0	0	0	0	0	0	0	34	8	6
Night	S3-2	3	0	0	0	1	5	0	5	0	0	0	0	0	0	0	0	0	0	0	0	0	0	0	0	0	0	0	0	0	0	0	2	0	1	8	0	0	5	0	0	0	0	0	0	0	0	0	0	0	0	0	0	114	69	130
Night	S3-2	30	0	1	0	0	1	1	1	0	0	1	0	0	0	0	0	0	0	0	0	0	0	0	0	0	0	0	0	0	0	0	0	0	1	4	0	1	2	0	0	0	0	0	0	0	0	0	0	0	0	0	0	116	72	80
Night	S3-2	50	0	1	0	0	1	2	0	4	0	0	0	0	0	4	0	1	0	3	0	0	5	0	0	0	0	0	0	0	1	0	0	0	0	0	0	3	1	1	0	0	0	0	0	0	0	0	1	0	0	1	0	103	60	90
Night	S3-2	75	3	1	0	0	1	2	0	1	0	0	1	0	1	1	1	0	0	4	0	0	1	0	0	0	0	0	1	0	3	0	0	0	0	1	0	7	2	4	0	0	3	0	0	0	0	0	1	0	0	0	0	114	66	64
Night	S3-2	103	9	1	0	0	0	0	0	0	0	0	0	0	1	0	1	0	0	1	0	1	0	2	0	0	1	0	0	0	0	1	1	0	0	0	4	3	3	8	0	1	3	0	4	2	0	8	1	0	0	0	0	168	102	109
Night	S3-2	150	0	0	0	0	0	0	0	0	0	0	1	0	0	2	0	1	0	0	1	0	0	0	0	0	0	0	0	0	0	0	0	0	0	0	0	1	0	1	0	0	2	0	0	0	0	0	0	4	0	0	0	92	38	26
Night	S3-2	200	1	0	0	0	0	0	0	0	0	0	0	0	0	0	0	0	0	1	0	0	0	0	0	0	2	0	0	0	0	0	0	0	0	0	0	0	0	0	0	1	0	0	1	0	0	0	0	0	0	0	0	64	24	17
Night	S3-2	300	0	0	0	0	0	0	0	0	0	0	0	0	0	0	0	0	0	0	0	0	0	0	0	0	1	0	0	0	0	0	0	0	0	0	0	0	0	0	0	0	0	0	1	0	0	0	0	0	0	0	0	48	20	19
Night	S3-2	500	0	0	0	0	0	0	0	1	0	0	0	0	0	0	0	0	0	0	0	0	0	0	0	0	0	0	0	0	0	0	0	0	0	0	0	0	0	0	0	0	0	0	0	0	0	0	0	0	0	0	0	24	4	12
Night	S4-5	3	0	0	0	0	1	0	3	0	0	0	0	0	0	0	0	0	0	0	0	0	0	0	0	0	0	0	0	0	0	0	3	0	0	1	0	0	4	0	0	0	0	0	0	0	0	0	0	0	0	0	0	126	90	96
Night	S4-5	30	2	1	0	0	0	1	1	0	0	0	0	0	0	0	1	0	0	0	0	0	0	0	0	0	0	0	0	0	0	0	1	0	0	2	0	0	3	0	0	0	0	0	0	0	0	0	0	0	0	3	0	114	78	81
Night	S4-5	50	1	0	0	1	0	0	2	0	0	0	1	0	0	0	0	0	0	1	0	0	0	0	0	1	0	0	0	0	0	0	1	0	0	0	0	2	2	0	0	0	0	0	0	0	0	0	0	0	0	2	0	98	82	66
Night	S4-5	75	2	2	0	2	1	3	1	1	0	0	0	0	0	1	1	0	0	1	0	0	0	0	0	0	0	0	0	0	2	1	0	0	0	0	0	3	0	2	0	1	0	0	0	0	0	0	0	0	0	1	0	108	82	69
Night	S4-5	93	7	0	0	0	0	0	0	3	0	0	0	0	2	1	1	0	0	1	1	1	0	1	1	0	2	0	0	0	0	0	3	0	0	0	5	3	2	11	0	1	2	0	0	0	0	4	0	0	0	0	0	207	122	102
Night	S4-5	150	6	0	0	0	0	0	0	0	0	0	0	0	0	3	0	0	0	2	0	0	0	0	0	0	2	0	0	0	0	1	0	1	0	0	1	0	0	1	0	2	1	0	0	0	0	1	0	7	0	0	0	78	36	32
Night	S4-5	200	3	0	0	0	0	0	0	0	0	0	0	0	0	1	0	0	0	2	0	0	0	0	0	0	0	0	0	0	0	1	0	0	0	0	0	1	0	3	0	1	0	0	0	0	0	1	0	2	0	0	0	56	18	19
Night	S4-5	300	0	0	0	0	0	0	0	0	0	0	0	0	0	0	0	0	0	0	0	0	0	0	0	0	0	0	0	0	0	0	0	0	0	0	0	1	0	0	0	0	2	0	0	0	0	0	0	1	0	0	0	40	14	10
Night	S4-5	500	1	0	0	0	0	0	0	0	0	0	0	0	0	0	0	0	0	0	0	0	0	0	0	0	0	0	0	0	0	0	0	0	0	0	0	0	0	0	0	0	0	0	0	0	0	0	0	0	0	0	0	24	14	4
